+------+-----------+-------------+-------------+-------+
|prices|market_caps|total_volumes|    date_unix|     id|
+------+-----------+-------------+-------------+-------+
| 0.107|1.0725062E7|    1.0512233|1505520000000|bitcoin|
| 0.154|1.5404129E7|    14.678587|1505606400000|bitcoin|
| 0.173|1.7349124E7|     6.001767|1505692800000|bitcoin|
| 0.168| 1.683342E7|    3.8789275|1505779200000|bitcoin|
| 0.167|1.6662792E7|     40.68762|1505865600000|bitcoin|
| 0.096|  9581703.0|    20.567701|1505952000000|bitcoin|
| 0.094|  9421298.0|    135.88034|1506038400000|bitcoin|
| 0.088|  8828963.0|    0.7930863|1506124800000|bitcoin|
| 0.085|  8545454.0|   0.76909876|1506211200000|bitcoin|
| 0.103|1.0250635E7|     9.105908|1506297600000|bitcoin|
|  0.09|  8965780.0|    18.193193|1506384000000|bitcoin|
| 0.115|1.1505513E7|     59.55401|1506470400000|bitcoin|
|  0.14|1.3955237E7|     305.1865|1506556800000|bitcoin|
| 0.132|1.3217329E7|    2.6198595|1506643200000|bitcoin|
| 0.172|1.7191164E7|    204.64209|1506729600000|bitcoin|
| 0.101|1.0116816E7|    123.59108|1506816000000|bitcoin|
| 0.108|1.0787364E7|    14.443285|1506902400000|bitcoin|
| 0.124|1.2443238E7|     42.08517|1506988800000|bitcoin|
| 0.129|1.2880577E7|    7.2163286|1507075200000|bitcoin|
| 0.131|1.3059918E7|    3.0872512|1507161600000|bitcoin|
+------+-----------+-------------+-------------+-------+

data = []

data.append(["uno", "dos])